89
43
53
76
134
50
146
76
22
8
9
113
0
100
255
191
44
5
21
3
136
44
5
21
3
136
44
5
21
3
136
255
245
255
10
255
255
255
134
160
234
159
168
142
137
11
112
12
66
76
3
2
125
202
42
61
51
180
197
68
143
128
34
150
0
0
255
255
255
255
122
13
122
13
228
12
255
255
16
22
0
0
0
0
0
249
41
66
3
76
2
255
255
255
9
9
44
5
21
3
136
191
25
255
255
131
11
104
12
17
142
255
173
131
132
2
234
7
23
0
9
233
127
93
149
228
12
0
0
0
0
0
0
0
0
0
0
0
0
0
0
0
0
0
0
0
0
0
0
0
0
0
0
0
0
0
0
0
0
0
0
0
0
0
0
0
0
0
0
0
0
0
0
0
0
0
0
0
0
0
0
0
0
0
0
0
0
0
0
0
0
0
0
0
0
0
0
0
0
0
255
255
255
255
255
255
255
255
66
132
245
134
245
134
245
134
181
119
38
122
38
122
38
122
185
153
220
156
220
156
220
156
129
140
96
143
96
143
96
143
248
134
248
134
248
134
248
134
39
122
39
122
39
122
39
122
223
156
224
156
223
156
224
156
102
143
102
143
102
143
102
143
218
134
218
134
218
134
218
134
17
122
17
122
16
122
17
122
193
156
193
156
193
156
193
156
80
143
80
143
80
143
80
143
171
159
171
159
171
159
171
159
218
161
218
161
218
161
218
161
3
159
3
159
3
159
3
159
80
161
80
161
81
161
80
161
110
159
112
159
112
159
113
159
157
161
158
161
158
161
159
161
194
158
196
158
195
158
197
158
15
161
17
161
17
161
18
161
88
141
89
141
89
141
90
141
247
143
249
143
249
143
250
143
181
140
182
140
182
140
184
140
108
143
109
143
110
143
111
143
36
132
214
134
214
134
214
134
153
119
10
122
10
122
10
122
153
153
188
156
188
156
188
156
106
140
72
143
72
143
72
143
255
255
255
255
255
255
255
255
255
255
255
255
255
255
255
255
255
255
255
255
255
255
255
255
255
255
255
255
255
255
255
255
255
255
255
255
255
255
255
255
255
255
255
255
255
255
255
255
255
255
255
255
255
255
255
255
255
255
255
255
255
255
255
255
255
255
255
255
255
255
255
255
255
255
255
255
255
255
255
255
255
255
255
255
255
255
255
255
255
255
255
255
255
255
255
255
255
255
255
255
255
255
255
255
255
255
255
255
255
255
255
255
255
255
255
255
255
255
255
255
255
255
255
255
255
255
255
255
255
255
255
255
255
255
255
255
255
255
255
255
255
255
255
255
255
255
255
255
255
255
255
255
255
255
255
255
255
255
255
255
255
255
255
255
255
255
255
255
255
255
255
255
255
255
255
255
255
255
255
255
255
255
255
255
255
255
255
255
255
255
255
255
255
255
255
255
255
255
255
255
255
255
255
255
255
255
255
255
255
255
255
255
255
255
255
255
255
255
255
255
255
255
255
255
255
255
255
255
255
255
255
255
255
255
255
255
255
255
255
255
255
255
255
255
255
255
255
255
255
255
255
255
255
255
255
255
255
255
255
255
255
255
255
255
255
255
255
255
255
255
255
255
255
255
255
255
255
255
255
255
255
255
255
255
255
255
255
255
255
255
255
255
255
255
255
255
255
255
255
255
255
255
255
255
255
255
255
255
255
255
255
255
255
255
255
255
255
255
255
255
255
255
255
255
255
255
255
255
255
255
255
255
255
255
255
255
255
255
255
255
255
255
255
255
255
255
255
255
255
255
255
255
255
255
255
255
255
255
255
255
255
255
255
255
255
255
255
255
255
255
255
255
255
255
255
255
255
255
255
255
255
255
255
255
255
255
255
255
255
255
255
255
255
255
255
255
255
255
255
255
134
42
218
31
140
42
2
0
200
234
113
42
77
106
168
10
80
245
213
202
2
0
125
42
147
10
55
21
218
31
122
42
218
31
61
21
95
245
102
213
41
53
18
224
27
224
113
42
35
53
150
10
192
63
131
42
127
127
218
31
231
255
173
234
187
63
176
234
97
74
106
74
209
31
197
234
34
21
242
84
89
245
255
255
167
234
101
245
249
255
156
10
212
31
236
31
232
116
94
74
60
21
61
21
198
63
23
53
140
42
150
10
159
10
198
63
116
42
242
31
168
10
167
95
171
10
140
42
119
42
246
255
116
42
68
106
249
255
8
53
12
224
147
10
80
245
95
42
27
224
61
21
69
21
251
84
97
74
2
0
209
31
230
31
48
21
156
10
122
42
179
234
116
42
170
234
176
95
68
245
212
31
45
21
128
42
153
10
41
53
70
21
134
181
215
31
246
255
10
85
69
21
75
21
119
42
249
255
64
21
144
10
125
42
144
10
94
74
122
42
224
31
179
234
18
224
38
53
13
85
61
21
150
10
77
106
10
85
18
224
167
95
125
42
94
74
13
85
35
53
192
63
83
245
230
31
23
53
68
245
230
31
55
21
209
31
24
224
228
63
245
31
252
255
140
95
97
74
28
85
33
224
221
31
27
224
77
245
252
255
224
31
42
224
1
85
4
85
119
42
119
42
116
245
106
74
219
63
104
245
21
224
248
31
164
95
174
10
2
0
23
53
243
255
203
31
26
53
246
255
141
10
140
95
202
63
150
10
137
42
121
74
188
234
144
10
177
10
5
0
107
42
26
53
11
53
233
84
153
10
11
53
22
85
128
42
164
95
197
234
141
10
17
53
139
127
66
21
237
255
176
234
65
106
91
74
59
106
197
31
80
245
245
31
143
95
147
10
18
224
60
21
70
74
125
42
212
31
89
245
213
202
26
53
149
42
21
224
9
224
167
95
131
42
129
213
132
213
32
53
49
21
125
42
88
74
63
21
60
21
128
42
158
42
173
95
58
21
173
234
61
21
119
42
249
255
128
42
112
74
252
255
32
53
61
21
204
63
227
31
32
53
221
31
15
224
254
84
252
255
158
95
156
10
15
224
212
31
4
85
195
63
134
42
156
10
52
21
66
21
122
42
140
42
131
42
218
31
232
116
7
85
158
232
70
235
97
234
159
0
221
14
91
226
2
197
39
252
128
1
44
28
155
0
234
229
237
245
145
240
66
235
7
229
62
235
101
242
251
5
126
17
58
227
205
14
133
17
83
226
119
225
204
246
79
218
182
231
3
180
57
235
140
248
207
6
140
216
183
7
33
212
195
214
146
232
254
13
82
234
97
201
39
4
187
255
7
5
190
7
248
253
152
248
110
233
157
240
247
188
48
211
88
242
97
242
31
220
214
221
93
234
204
246
115
249
18
220
59
227
100
242
26
252
105
201
11
253
85
234
35
228
8
253
55
227
74
194
235
253
95
217
10
13
237
245
123
1
235
220
133
17
101
242
8
245
13
204
15
212
151
0
142
232
209
238
193
238
143
248
250
228
150
8
59
227
235
5
20
204
232
253
114
233
221
237
202
230
180
247
54
227
12
245
56
36
94
234
16
253
140
208
8
245
208
246
31
228
235
253
64
243
5
245
234
229
9
245
52
211
2
229
5
237
159
8
214
14
86
226
112
209
93
242
204
246
245
196
136
208
209
14
105
201
226
229
52
211
103
209
110
225
79
218
91
2
196
238
240
221
241
253
218
238
158
240
142
232
161
16
17
229
76
243
211
254
99
193
28
212
240
213
81
19
42
236
142
17
147
0
216
254
9
237
9
22
229
205
197
206
22
228
26
228
53
12
204
214
102
226
162
8
181
15
52
244
133
200
0
254
155
0
236
221
44
252
194
230
195
222
12
253
37
244
95
193
11
221
204
246
126
233
67
219
74
11
0
245
219
254
135
1
139
224
191
222
80
218
178
198
185
247
80
218
40
212
202
230
133
200
254
13
33
244
24
220
159
183
32
244
92
250
191
7
102
193
85
210
159
191
251
228
128
1
76
243
75
194
232
245
214
14
84
242
1
204
234
229
110
233
43
4
52
28
199
222
13
237
190
15
38
12
101
201
178
231
145
25
116
26
143
224
201
238
226
229
104
209
60
243
88
242
198
230
188
239
57
203
121
241
219
6
93
242
35
228
240
253
206
230
143
216
211
254
147
224
93
242
226
221
237
237
147
224
38
236
246
13
253
204
207
254
194
198
152
248
246
13
122
233
197
206
59
219
145
232
152
248
177
239
36
244
2
229
89
234
174
231
66
235
251
188
168
207
136
41
127
44
119
47
119
47
127
44
110
50
110
50
110
50
119
47
110
50
110
50
110
50
102
53
102
53
119
47
110
50
110
50
127
44
127
44
102
53
102
53
102
53
119
47
102
53
110
50
102
53
93
56
127
44
67
65
93
56
84
59
93
56
102
53
110
50
110
50
93
56
110
50
127
44
84
59
76
62
102
53
119
47
93
56
127
44
127
44
110
50
93
56
127
44
102
53
84
59
93
56
119
47
110
50
84
59
110
50
102
53
93
56
84
59
110
50
127
44
93
56
93
56
110
50
102
53
119
47
102
53
102
53
93
56
110
50
59
68
102
53
102
53
102
53
59
68
110
50
119
47
110
50
76
62
76
62
102
53
93
56
102
53
76
62
93
56
84
59
102
53
102
53
102
53
93
56
93
56
93
56
76
62
93
56
102
53
76
62
102
53
136
41
119
47
119
47
102
53
110
50
110
50
102
53
102
53
102
53
102
53
110
50
110
50
102
53
102
53
110
50
110
50
110
50
102
53
102
53
102
53
102
53
84
59
102
53
102
53
93
56
84
59
93
56
84
59
93
56
93
56
93
56
84
59
127
44
119
47
119
47
119
47
119
47
110
50
110
50
110
50
110
50
102
53
110
50
102
53
110
50
93
56
110
50
110
50
102
53
119
47
127
44
102
53
102
53
84
59
110
50
93
56
110
50
102
53
84
59
119
47
59
68
93
56
76
62
84
59
110
50
110
50
119
47
93
56
110
50
136
41
93
56
76
62
102
53
119
47
93
56
119
47
127
44
110
50
84
59
119
47
93
56
84
59
93
56
110
50
102
53
67
65
110
50
102
53
93
56
84
59
102
53
119
47
84
59
93
56
110
50
93
56
110
50
110
50
93
56
93
56
93
56
67
65
102
53
119
47
102
53
67
65
119
47
119
47
110
50
76
62
76
62
102
53
93
56
110
50
84
59
84
59
84
59
93
56
110
50
93
56
102
53
102
53
102
53
93
56
110
50
110
50
102
53
119
47
127
44
119
47
127
44
102
53
110
50
102
53
110
50
102
53
110
50
93
56
110
50
102
53
93
56
102
53
102
53
119
47
110
50
102
53
102
53
102
53
93
56
84
59
84
59
93
56
84
59
84
59
93
56
76
62
76
62
76
62
84
59
76
62
127
44
119
47
127
44
119
47
127
44
110
50
119
47
110
50
110
50
102
53
110
50
119
47
110
50
93
56
110
50
102
53
102
53
119
47
127
44
102
53
102
53
93
56
119
47
93
56
110
50
102
53
93
56
119
47
67
65
102
53
93
56
110
50
93
56
102
53
110
50
102
53
93
56
136
41
93
56
76
62
110
50
119
47
102
53
119
47
119
47
110
50
76
62
110
50
93
56
93
56
102
53
110
50
102
53
76
62
110
50
93
56
84
59
76
62
93
56
110
50
76
62
84
59
102
53
84
59
102
53
102
53
84
59
84
59
102
53
67
65
102
53
102
53
110
50
50
71
119
47
127
44
102
53
76
62
76
62
102
53
102
53
119
47
84
59
93
56
84
59
102
53
102
53
102
53
84
59
93
56
93
56
84
59
102
53
110
50
93
56
119
47
119
47
102
53
119
47
102
53
102
53
102
53
93
56
102
53
110
50
102
53
110
50
110
50
93
56
102
53
102
53
119
47
102
53
93
56
102
53
110
50
102
53
84
59
84
59
102
53
93
56
102
53
93
56
84
59
93
56
93
56
102
53
93
56
119
47
119
47
110
50
119
47
119
47
110
50
119
47
102
53
110
50
102
53
110
50
110
50
110
50
102
53
110
50
119
47
102
53
127
44
136
41
102
53
93
56
84
59
119
47
84
59
102
53
93
56
84
59
110
50
76
62
93
56
84
59
102
53
84
59
102
53
110
50
93
56
102
53
127
44
84
59
76
62
102
53
119
47
102
53
119
47
136
41
102
53
93
56
127
44
93
56
84
59
102
53
119
47
110
50
67
65
110
50
102
53
93
56
76
62
102
53
127
44
76
62
93
56
110
50
93
56
110
50
93
56
93
56
84
59
102
53
67
65
93
56
110
50
102
53
59
68
119
47
127
44
102
53
76
62
84
59
102
53
93
56
119
47
76
62
93
56
84
59
93
56
93
56
93
56
84
59
93
56
93
56
67
65
102
53
110
50
93
56
119
47
119
47
110
50
110
50
102
53
102
53
110
50
102
53
102
53
102
53
102
53
110
50
110
50
93
56
102
53
102
53
110
50
110
50
102
53
102
53
110
50
102
53
102
53
102
53
102
53
93
56
102
53
102
53
93
56
102
53
93
56
102
53
93
56
136
41
119
47
136
41
127
44
102
53
119
47
145
38
136
41
119
47
84
59
102
53
136
41
127
44
127
44
145
38
102
53
127
44
110
50
153
35
110
50
102
53
93
56
102
53
136
41
127
44
136
41
136
41
110
50
145
38
102
53
153
35
119
47
127
44
127
44
93
56
93
56
119
47
110
50
84
59
127
44
93
56
119
47
127
44
119
47
84
59
127
44
136
41
93
56
84
59
93
56
67
65
119
47
93
56
127
44
110
50
84
59
136
41
102
53
102
53
93
56
102
53
110
50
127
44
93
56
110
50
93
56
102
53
119
47
127
44
93
56
102
53
110
50
84
59
50
71
110
50
84
59
110
50
127
44
93
56
119
47
110
50
102
53
84
59
110
50
136
41
136
41
110
50
102
53
93
56
84
59
102
53
102
53
93
56
136
41
110
50
110
50
136
41
119
47
110
50
110
50
110
50
110
50
110
50
110
50
110
50
93
56
110
50
110
50
119
47
119
47
102
53
102
53
102
53
110
50
119
47
110
50
102
53
102
53
102
53
110
50
110
50
102
53
102
53
102
53
102
53
119
47
102
53
102
53
127
44
110
50
136
41
127
44
93
56
119
47
136
41
127
44
110
50
84
59
110
50
127
44
119
47
119
47
136
41
93
56
119
47
110
50
153
35
110
50
102
53
84
59
93
56
136
41
110
50
136
41
119
47
102
53
136
41
102
53
145
38
119
47
119
47
119
47
84
59
93
56
110
50
110
50
76
62
119
47
102
53
119
47
119
47
110
50
93
56
119
47
127
44
93
56
76
62
93
56
67
65
110
50
93
56
127
44
102
53
93
56
127
44
93
56
84
59
93
56
93
56
102
53
127
44
93
56
102
53
84
59
84
59
119
47
136
41
93
56
93
56
110
50
102
53
59
68
110
50
84
59
110
50
119
47
102
53
119
47
119
47
93
56
84
59
110
50
136
41
136
41
102
53
93
56
102
53
84
59
102
53
102
53
93
56
127
44
110
50
110
50
119
47
102
53
110
50
110
50
110
50
102
53
110
50
110
50
102
53
102
53
110
50
110
50
110
50
110
50
102
53
102
53
93
56
110
50
110
50
110
50
102
53
102
53
102
53
102
53
102
53
110
50
110
50
110
50
102
53
110
50
102
53
102
53
110
50
110
50
119
47
119
47
93
56
110
50
119
47
127
44
110
50
84
59
102
53
127
44
127
44
119
47
127
44
93
56
119
47
119
47
145
38
110
50
102
53
76
62
84
59
127
44
102
53
127
44
119
47
93
56
127
44
84
59
145
38
110
50
110
50
119
47
84
59
84
59
102
53
102
53
67
65
119
47
102
53
119
47
119
47
110
50
93
56
127
44
119
47
93
56
84
59
84
59
67
65
119
47
93
56
127
44
102
53
93
56
136
41
102
53
84
59
93
56
102
53
102
53
119
47
93
56
102
53
84
59
76
62
110
50
127
44
84
59
102
53
102
53
84
59
50
71
110
50
93
56
110
50
119
47
102
53
127
44
119
47
102
53
84
59
110
50
127
44
136
41
93
56
102
53
84
59
93
56
93
56
93
56
93
56
127
44
102
53
102
53
119
47
102
53
110
50
110
50
110
50
102
53
110
50
102
53
102
53
93
56
119
47
102
53
110
50
119
47
102
53
102
53
102
53
102
53
119
47
119
47
102
53
110
50
102
53
110
50
110
50
110
50
102
53
102
53
102
53
119
47
110
50
110
50
127
44
110
50
127
44
119
47
93
56
119
47
127
44
127
44
102
53
76
62
102
53
119
47
127
44
119
47
127
44
93
56
110
50
110
50
153
35
110
50
102
53
84
59
93
56
119
47
110
50
127
44
110
50
93
56
145
38
76
62
127
44
93
56
110
50
110
50
84
59
93
56
110
50
110
50
67
65
127
44
102
53
119
47
119
47
119
47
93
56
127
44
127
44
93
56
84
59
93
56
67
65
119
47
84
59
127
44
93
56
93
56
127
44
102
53
93
56
93
56
93
56
93
56
119
47
76
62
102
53
93
56
84
59
102
53
127
44
93
56
102
53
110
50
84
59
50
71
110
50
84
59
119
47
119
47
102
53
110
50
119
47
102
53
76
62
110
50
145
38
136
41
93
56
93
56
93
56
84
59
93
56
93
56
93
56
119
47
110
50
102
53
119
47
102
53
110
50
110
50
110
50
102
53
110
50
110
50
110
50
102
53
110
50
110
50
110
50
119
47
102
53
102
53
102
53
110
50
119
47
110
50
102
53
110
50
102
53
110
50
102
53
102
53
93
56
93
56
102
53
102
53
102
53
93
56
174
255
153
255
157
255
147
255
168
255
121
255
143
255
156
255
137
255
133
255
133
255
136
255
129
255
115
255
150
255
128
255
131
255
162
255
172
255
100
255
131
255
123
255
144
255
108
255
140
255
128
255
112
255
156
255
76
255
114
255
102
255
124
255
124
255
131
255
149
255
127
255
125
255
168
255
96
255
95
255
135
255
150
255
110
255
158
255
161
255
135
255
109
255
169
255
127
255
103
255
111
255
157
255
144
255
98
255
140
255
131
255
141
255
105
255
135
255
186
255
134
255
129
255
167
255
152
255
131
255
121
255
116
255
114
255
125
255
65
255
114
255
127
255
119
255
54
255
139
255
156
255
146
255
92
255
95
255
129
255
110
255
150
255
88
255
130
255
110
255
131
255
116
255
128
255
118
255
105
255
125
255
85
255
132
255
142
255
105
255
153
255
152
255
142
255
142
255
130
255
137
255
138
255
131
255
130
255
131
255
133
255
136
255
135
255
129
255
132
255
138
255
137
255
138
255
130
255
133
255
130
255
131
255
118
255
132
255
132
255
125
255
121
255
126
255
122
255
126
255
127
255
129
255
121
255
163
255
145
255
157
255
148
255
164
255
124
255
146
255
159
255
134
255
129
255
136
255
134
255
139
255
112
255
147
255
132
255
130
255
161
255
177
255
105
255
137
255
116
255
144
255
108
255
146
255
134
255
113
255
156
255
77
255
121
255
101
255
125
255
126
255
130
255
156
255
127
255
126
255
176
255
104
255
98
255
138
255
152
255
112
255
153
255
162
255
138
255
105
255
165
255
124
255
106
255
114
255
154
255
141
255
89
255
144
255
135
255
145
255
110
255
134
255
184
255
134
255
134
255
175
255
154
255
122
255
125
255
109
255
114
255
112
255
73
255
115
255
141
255
119
255
62
255
146
255
156
255
147
255
93
255
95
255
129
255
110
255
156
255
94
255
122
255
109
255
123
255
120
255
119
255
122
255
108
255
127
255
93
255
137
255
140
255
115
255
154
255
146
255
141
255
149
255
130
255
138
255
133
255
139
255
131
255
139
255
128
255
138
255
130
255
124
255
134
255
134
255
145
255
140
255
132
255
136
255
133
255
128
255
122
255
123
255
129
255
123
255
126
255
131
255
121
255
119
255
120
255
130
255
122
255
164
255
146
255
165
255
148
255
171
255
124
255
154
255
159
255
135
255
131
255
138
255
147
255
140
255
112
255
147
255
126
255
129
255
161
255
177
255
105
255
136
255
121
255
148
255
105
255
143
255
131
255
115
255
151
255
77
255
121
255
106
255
134
255
117
255
125
255
150
255
135
255
114
255
177
255
105
255
99
255
145
255
153
255
120
255
155
255
157
255
139
255
100
255
160
255
125
255
114
255
123
255
156
255
143
255
98
255
147
255
132
255
142
255
106
255
130
255
181
255
131
255
132
255
172
255
152
255
120
255
122
255
104
255
109
255
120
255
73
255
116
255
129
255
127
255
49
255
147
255
164
255
141
255
94
255
97
255
131
255
118
255
165
255
96
255
131
255
111
255
132
255
116
255
128
255
112
255
105
255
124
255
90
255
136
255
144
255
114
255
160
255
143
255
131
255
144
255
131
255
132
255
134
255
126
255
132
255
139
255
135
255
138
255
137
255
124
255
134
255
133
255
145
255
134
255
125
255
135
255
139
255
133
255
120
255
121
255
134
255
127
255
136
255
127
255
123
255
127
255
127
255
136
255
127
255
161
255
149
255
153
255
150
255
166
255
126
255
155
255
154
255
136
255
131
255
138
255
142
255
141
255
120
255
149
255
140
255
131
255
169
255
185
255
106
255
132
255
117
255
152
255
102
255
141
255
129
255
114
255
150
255
89
255
121
255
107
255
137
255
113
255
127
255
152
255
129
255
121
255
171
255
99
255
99
255
139
255
153
255
120
255
155
255
170
255
132
255
113
255
173
255
125
255
107
255
121
255
162
255
148
255
89
255
145
255
136
255
145
255
103
255
133
255
190
255
125
255
132
255
171
255
150
255
128
255
117
255
111
255
110
255
121
255
74
255
110
255
136
255
121
255
56
255
148
255
165
255
142
255
95
255
104
255
132
255
112
255
166
255
91
255
133
255
112
255
128
255
112
255
124
255
114
255
108
255
127
255
80
255
139
255
149
255
118
255
165
255
144
255
138
255
138
255
132
255
133
255
141
255
133
255
133
255
133
255
136
255
139
255
138
255
125
255
134
255
134
255
139
255
141
255
132
255
136
255
139
255
134
255
134
255
135
255
134
255
128
255
136
255
134
255
130
255
134
255
128
255
136
255
127
255
149
255
123
255
180
255
153
255
116
255
149
255
201
255
184
255
140
255
88
255
113
255
175
255
165
255
154
255
172
255
105
255
160
255
138
255
197
255
135
255
123
255
99
255
104
255
187
255
155
255
188
255
173
255
145
255
203
255
119
255
203
255
167
255
138
255
150
255
97
255
108
255
140
255
133
255
82
255
157
255
120
255
155
255
167
255
148
255
95
255
173
255
168
255
98
255
97
255
97
255
59
255
144
255
100
255
163
255
141
255
100
255
184
255
122
255
113
255
115
255
132
255
130
255
145
255
120
255
118
255
109
255
96
255
129
255
174
255
90
255
124
255
138
255
108
255
44
255
147
255
97
255
141
255
162
255
112
255
168
255
141
255
119
255
117
255
133
255
188
255
174
255
134
255
111
255
112
255
101
255
128
255
128
255
113
255
192
255
139
255
130
255
151
255
139
255
136
255
134
255
132
255
137
255
135
255
134
255
135
255
125
255
134
255
136
255
142
255
140
255
129
255
128
255
129
255
137
255
143
255
135
255
128
255
128
255
131
255
138
255
137
255
132
255
132
255
132
255
133
255
143
255
134
255
137
255
146
255
119
255
183
255
156
255
111
255
151
255
196
255
179
255
135
255
90
255
121
255
171
255
160
255
149
255
167
255
100
255
155
255
139
255
198
255
136
255
124
255
93
255
99
255
188
255
142
255
188
255
160
255
138
255
196
255
118
255
196
255
162
255
138
255
147
255
93
255
110
255
136
255
135
255
78
255
153
255
129
255
158
255
163
255
144
255
103
255
169
255
163
255
100
255
93
255
100
255
62
255
140
255
102
255
166
255
137
255
109
255
180
255
118
255
104
255
118
255
128
255
126
255
147
255
120
255
117
255
106
255
86
255
131
255
182
255
92
255
119
255
140
255
123
255
52
255
149
255
99
255
142
255
157
255
120
255
170
255
149
255
114
255
119
255
135
255
190
255
176
255
130
255
107
255
121
255
103
255
131
255
131
255
115
255
187
255
141
255
129
255
143
255
130
255
139
255
137
255
134
255
133
255
137
255
136
255
130
255
134
255
136
255
138
255
137
255
135
255
131
255
130
255
124
255
139
255
138
255
137
255
130
255
130
255
133
255
134
255
133
255
141
255
140
255
141
255
134
255
138
255
135
255
137
255
137
255
122
255
172
255
151
255
113
255
146
255
185
255
181
255
137
255
91
255
116
255
172
255
168
255
151
255
162
255
102
255
157
255
148
255
194
255
138
255
127
255
89
255
95
255
184
255
139
255
185
255
163
255
135
255
193
255
109
255
201
255
160
255
133
255
149
255
95
255
105
255
131
255
130
255
73
255
154
255
130
255
159
255
164
255
145
255
105
255
176
255
158
255
101
255
100
255
95
255
63
255
147
255
103
255
167
255
138
255
110
255
187
255
125
255
104
255
119
255
134
255
126
255
140
255
119
255
117
255
107
255
81
255
126
255
177
255
87
255
127
255
134
255
111
255
47
255
149
255
107
255
144
255
158
255
121
255
177
255
150
255
123
255
121
255
137
255
185
255
178
255
125
255
115
255
110
255
112
255
126
255
126
255
117
255
190
255
137
255
126
255
143
255
130
255
139
255
137
255
135
255
133
255
137
255
130
255
130
255
128
255
142
255
132
255
137
255
142
255
131
255
130
255
131
255
132
255
145
255
144
255
129
255
136
255
132
255
139
255
138
255
139
255
131
255
131
255
131
255
140
255
137
255
138
255
150
255
122
255
178
255
151
255
114
255
153
255
192
255
182
255
131
255
85
255
117
255
167
255
169
255
152
255
163
255
102
255
151
255
142
255
201
255
139
255
127
255
96
255
103
255
179
255
146
255
186
255
158
255
136
255
207
255
104
255
189
255
148
255
133
255
142
255
95
255
112
255
138
255
137
255
73
255
161
255
131
255
159
255
165
255
152
255
105
255
177
255
165
255
102
255
101
255
102
255
64
255
148
255
97
255
167
255
132
255
111
255
181
255
126
255
111
255
119
255
129
255
120
255
141
255
107
255
117
255
114
255
87
255
120
255
177
255
94
255
127
255
141
255
111
255
47
255
150
255
100
255
150
255
159
255
122
255
164
255
150
255
122
255
114
255
136
255
198
255
178
255
124
255
108
255
116
255
104
255
125
255
124
255
115
255
181
255
140
255
123
255
143
255
130
255
139
255
138
255
135
255
133
255
138
255
137
255
138
255
135
255
136
255
139
255
138
255
143
255
132
255
131
255
132
255
140
255
146
255
139
255
130
255
137
255
134
255
141
255
134
255
135
255
127
255
128
255
135
255
132
255
135
255
130
255
215
33
0
52
15
67
78
84
51
92
166
109
156
115
248
126
117
130
185
130
252
133
17
140
59
137
185
142
174
146
143
145
141
143
121
139
159
135
186
140
133
143
86
129
229
123
101
109
15
107
240
97
54
90
88
72
73
54
79
39
39
16
0
0
1
65
2
80
90
102
102
101
112
111
4
139
226
131
73
146
226
144
37
158
203
158
193
151
14
168
136
163
66
171
221
159
172
161
142
167
208
161
147
155
213
158
56
146
233
133
78
139
77
129
26
112
142
115
74
95
112
81
203
62
164
42
59
36
80
80
156
97
190
112
75
123
102
131
0
144
0
150
190
163
61
156
242
167
253
169
129
168
248
182
33
185
87
174
134
183
226
177
104
184
144
169
206
172
169
154
106
163
68
146
240
146
76
138
213
129
127
116
126
108
146
94
138
78
192
55
141
50
197
93
97
105
37
114
41
130
51
136
253
144
182
152
139
162
231
164
104
178
153
179
85
180
81
188
4
184
149
194
54
175
16
181
124
181
208
172
201
178
121
169
237
173
64
169
69
160
247
151
245
136
167
124
31
117
229
107
202
97
174
65
65
59
56
99
106
114
91
128
251
140
84
146
100
166
4
174
143
180
125
185
59
187
26
182
152
189
240
189
225
189
185
195
248
195
51
194
55
193
101
184
195
192
177
196
104
180
232
173
104
168
95
163
232
153
0
151
204
135
28
122
95
105
111
86
16
79
169
118
192
130
219
151
208
148
185
156
21
183
55
176
69
192
4
191
45
202
124
199
224
194
219
211
108
202
26
212
156
200
205
198
97
211
40
201
32
199
111
201
53
189
31
179
147
180
154
173
0
161
237
162
216
146
197
137
144
119
50
101
160
96
49
131
255
141
56
154
255
164
101
168
235
184
143
190
219
203
168
201
29
201
15
204
142
203
149
215
227
219
127
209
250
218
182
212
124
218
251
202
152
211
138
191
187
200
178
181
138
186
23
177
68
169
150
156
231
148
226
140
230
128
28
108
60
103
235
133
97
146
113
152
131
167
131
171
171
179
163
185
38
193
186
194
250
206
140
208
189
211
253
216
59
214
245
223
36
205
111
211
27
210
62
203
145
209
212
204
233
207
37
200
4
194
41
184
168
170
133
160
31
154
6
148
50
141
104
105
51
102
30
137
171
150
139
158
66
173
212
178
62
197
99
202
86
209
6
211
251
211
93
209
222
215
169
211
159
219
101
222
165
220
151
217
122
217
156
211
92
220
101
225
98
211
117
205
12
198
204
192
30
187
189
182
223
169
129
155
138
141
79
124
115
117
59
151
43
162
169
180
195
177
81
186
167
210
197
199
119
217
226
211
180
221
214
223
7
215
60
233
133
224
13
234
110
220
32
225
57
234
174
222
111
224
250
226
244
212
78
202
102
207
44
200
142
189
118
193
13
177
20
169
35
151
75
135
132
133
96
158
119
167
4
181
114
191
161
195
172
210
3
213
133
222
203
223
227
220
180
223
202
222
92
234
229
241
220
229
185
236
251
231
29
241
15
223
218
230
207
211
75
221
149
204
80
209
0
199
163
192
118
182
130
176
100
169
163
158
193
137
186
133
114
161
20
170
228
174
119
189
234
191
170
196
106
202
82
210
179
211
162
224
93
225
196
226
214
231
33
232
67
240
159
222
2
227
199
225
32
219
5
229
239
223
104
228
21
225
1
215
232
204
20
190
47
183
62
178
192
171
85
164
93
133
62
133
49
156
79
169
251
178
31
194
118
195
190
214
114
218
211
224
27
230
64
229
212
225
148
232
91
228
74
233
254
236
25
235
135
233
165
230
145
223
10
234
207
240
228
224
91
219
218
213
207
209
196
206
173
203
12
189
141
174
39
165
54
144
214
142
91
168
170
178
10
198
225
190
171
197
192
224
131
213
17
230
50
225
189
237
155
234
33
228
172
245
128
239
16
249
93
236
125
232
125
246
164
237
150
234
201
238
183
226
120
219
54
224
88
214
29
203
104
208
188
192
186
187
7
170
10
151
5
154
171
174
54
182
189
193
140
202
209
205
21
221
56
223
130
235
40
233
84
233
248
232
173
231
220
243
224
249
76
237
95
248
216
238
202
248
15
233
56
240
182
218
169
229
251
214
217
219
159
212
89
205
87
193
198
187
118
182
10
169
231
150
35
151
160
171
0
183
251
182
151
200
10
198
139
206
22
213
130
219
242
221
16
232
250
232
192
235
219
239
69
240
216
248
26
227
63
233
85
235
49
227
236
232
25
225
203
230
99
226
211
219
161
217
201
197
108
191
135
187
150
180
50
173
177
142
165
144
169
50
59
70
56
90
227
92
61
109
65
125
171
133
5
138
28
143
142
153
67
155
35
157
247
151
229
158
9
161
205
163
201
160
106
155
9
153
155
147
182
150
219
135
124
137
216
122
148
113
242
101
97
99
188
83
14
64
175
59
10
32
44
11
41
69
227
86
230
105
199
111
252
128
196
135
62
140
10
148
101
148
164
152
206
160
40
167
25
170
228
174
218
170
29
165
123
169
83
166
94
160
145
157
85
148
158
148
83
142
145
129
89
122
43
120
155
113
110
96
106
81
191
65
244
43
94
32
174
85
229
107
113
106
200
126
132
136
5
150
183
156
19
158
109
167
248
183
249
186
6
187
214
173
66
183
218
176
175
175
224
184
21
182
198
194
151
169
140
161
1
158
23
158
22
142
222
148
153
133
178
119
254
108
13
98
183
79
139
71
190
46
234
98
28
114
103
119
7
135
144
148
215
155
15
172
146
162
80
177
208
183
130
183
187
178
70
184
114
186
17
182
250
190
229
183
106
178
103
180
53
180
113
169
48
174
60
161
190
158
64
152
121
143
243
137
44
125
67
114
32
97
33
82
29
64
7
109
31
126
251
141
104
142
154
158
159
171
136
180
237
182
64
186
174
194
181
193
21
196
125
189
157
196
223
195
230
202
57
198
248
192
92
189
140
188
25
195
19
176
30
182
197
166
111
165
198
149
254
147
102
136
204
116
181
115
142
91
226
78
30
125
198
137
11
158
65
162
166
177
0
179
191
184
118
189
204
185
205
189
87
201
2
204
237
204
99
211
241
205
12
204
206
203
244
202
193
199
93
198
221
190
101
190
22
185
67
171
35
166
120
163
57
161
28
144
154
131
1
120
117
100
201
91
12
134
208
151
205
150
187
168
228
176
167
189
76
193
225
192
145
200
180
216
226
218
117
220
228
205
178
215
30
207
78
205
233
215
209
211
100
226
145
200
45
194
172
192
92
191
186
178
39
186
130
174
152
157
93
151
84
142
69
126
18
122
91
98
157
139
147
153
208
159
80
172
142
184
128
187
69
201
145
187
93
206
0
214
4
209
114
206
244
208
67
214
226
210
82
215
106
209
28
207
13
208
72
208
105
197
172
201
103
191
237
191
185
183
89
178
152
170
200
162
206
151
237
133
147
123
78
110
110
146
35
160
214
174
41
174
80
188
136
198
67
207
138
209
14
212
39
221
107
220
104
220
127
213
227
218
152
219
107
226
231
224
208
218
189
213
62
212
117
217
216
202
187
210
251
194
205
193
164
178
103
178
58
167
8
151
37
151
27
129
239
116
13
153
210
168
25
182
62
186
242
203
10
204
38
209
203
210
131
207
121
211
63
222
38
227
200
225
111
234
162
227
131
224
176
225
141
225
73
218
60
214
117
211
207
213
223
208
76
197
119
191
234
192
237
188
64
172
244
159
219
147
67
132
18
126
82
155
133
176
204
171
34
192
74
199
152
210
12
213
226
209
110
216
217
235
30
236
41
238
32
222
10
235
223
224
103
223
118
234
105
229
226
245
58
220
168
212
249
212
71
214
238
199
10
210
7
197
251
181
243
170
175
165
28
150
239
145
152
126
147
159
130
176
108
180
223
188
140
201
127
207
207
221
121
207
215
223
27
228
212
227
186
222
189
228
31
231
207
225
43
234
98
227
140
221
114
225
214
221
22
212
43
219
14
211
221
209
155
203
123
198
83
193
252
182
220
172
203
155
68
147
141
136
46
162
20
173
157
192
127
187
67
202
80
213
99
222
64
224
142
226
20
234
216
231
145
234
87
227
12
235
197
234
55
239
45
238
59
234
75
229
153
225
75
232
64
217
219
221
126
210
9
208
164
193
139
194
172
185
246
169
141
169
201
144
145
139
7
169
239
180
108
195
113
197
86
214
94
215
40
221
192
223
56
219
2
225
20
233
60
237
133
235
194
244
165
240
60
237
196
238
198
236
199
233
107
226
42
220
133
222
151
218
91
210
35
204
170
205
219
202
146
185
33
178
57
164
30
147
87
144
214
168
135
189
217
182
160
202
172
208
55
217
84
223
89
222
225
225
221
246
102
247
143
247
157
232
143
242
209
232
4
232
14
242
224
241
255
255
253
228
195
220
201
220
123
221
38
208
46
218
96
204
163
192
116
186
18
179
158
166
181
158
166
141
46
169
107
181
242
184
111
194
172
206
179
210
138
225
47
213
168
231
35
236
118
235
136
229
228
231
129
238
17
234
219
239
108
233
43
228
207
229
250
229
115
216
2
224
18
218
148
213
76
209
224
203
90
200
255
190
57
182
180
164
44
154
174
145
